1000
1020
1030
1040
1080
1090
1100
1110
1120
1130
1140
1180
1190
1200
1210
1250
1280
1290
1291
1292
1293
1294
1295
1296
1297
1300
1310
1320
1330
1340
1350
1360
1370
1380
1390
1400
1420
1430
1440
1450
1460
1470
1480
1490
1500
1520
1530
1540
1550
1570
1580
1581
1582
1583
1590
1592
1600
1620
1630
1650
1660
1670
1680
1690
1700
1710
1720
1730
1740
1760
1770
1780
1790
1800
1830
1870
1880
1885
1890
1900
1910
1920
1930
1940
1960
2031
2032
2033
2034
2035
2040
2050
2060
2086
2090
2120
2130
2140
2160
2180
2190
2200
2210
2220
2230
2240
2250
2270
2280
2300
2310
2320
2340
2360
2371
2372
2373
2374
2375
2380
2390
2400
2410
2420
2430
2440
2450
2470
2480
2490
2500
2540
2550
2560
2580
2600
2610
2620
2630
2640
2650
2660
2670
2690
2700
2710
2720
2721
2722
2723
2724
2725
2726
2727
2728
2729
2740
2750
2760
2780
2790
2810
2820
2840
2850
2870
2880
2890
2895
2900
2910
2920
2930
2940
2950
2970
2980
2990
2991
2992
2993
3020
3060
3120
3130
3140
3150
3160
3170
3180
3210
3270
3280
3340
3350
3380
3390
3400
3410
3440
3450
3470
3480
3492
3500
3510
3520
3530
3540
3550
3570
3580
3600
3610
3620
3630
3640
3650
3660
3680
3690
3691
3692
3693
3694
3710
3720
3740
3770
3780
3790
3800
3810
3830
3840
3850
3860
3870
3871
3872
3873
3874
3875
3876
3877
3878
3879
3890
3922
3930
3950
3960
3980
3990
4010
4012
4021
4022
4023
4030
4050
4052
4060
4070
4080
4110
4120
4130
4140
4160
4210
4220
4230
4249
4250
4260
4270
4280
4290
4300
4320
4329
4330
4340
4349
4360
4369
4390
4400
4410
4420
4432
4440
4445
4450
4455
4460
4461
4462
4463
4464
4465
4466
4468
4470
4473
4474
4475
4476
4477
4480
4481
4482
4483
4484
4485
4490
4495
4500
4505
4510
4515
4520
4620
4640
4650
4670
4673
4680
4681
4682
4690
4692
4700
4710
4720
4730
4741
4742
4743
4744
4770
4780
4790
4800
4810
4820
4832
4834
4840
4850
4860
4870
4910
4920
4930
4940
4950
4960
4971
4972
4973
4974
4975
4976
4977
4978
4990
5000
5020
5030
5040
5050
5060
5090
5100
5120
5140
5160
5180
5210
5220
5242
5243
5244
5245
5247
5248
5249
5250
5255
5280
5290
5300
5378
5390
5400
5410
5610
5615
5620
5623
5624
5625
5626
5627
5628
5630
5632
5637
5642
5647
5652
5657
5662
5667
5823
5824
5825
5826
5830
5840
5850
5860
5865
5870
5880
5890
5900
5910
5920
5930
5940
5950
5960
5970
5980
5990
6000
6002
6004
6005
6006
6007
6008
6010
6020
6030
6040
6045
6050
6060
6070
6080
6090
6100
6105
6110
6120
6130
6140
6150
6151
6152
6153
6154
6155
6156
6157
6160
6170
6180
6190
6200
6210
6220
6225
6230
6240
6250
6255
6260
6270
6275
6280
6290
6291
6292
6293
6294
6295
6296
6297
6300
6310
6320
6330
6340
6350
6360
6370
6380
6390
6400
6401
6402
6403
6404
6410
8995
8996
9000
9010
9020
9030
9040
9050
9060
9070
9195
9196
9200
9210
9220
9230
9232
9233
9234
9235
9236
9241
9243
9245
9260
9395
9396
9397
9400
9410
9430
9440
9450
9460
9470
9480
9490
9510
9520
9540
9550
9570
9580
9695
9700
9710
9720
9730
9740
9750
9760
9770
9780
9790
9800
9820
9840
9860
9880
9900
9920
9940
9960
9980
