100
110
120
130
140
150
160
170
172
174
180
182
183
184
190
200
205
207
208
211
212
213
215
220
222
225
240
290
291
300
310
320
321
330
331
340
350
351
370
380
390
400
410
420
421
422
423
424
425
426
427
428
429
430
431
432
433
434
435
436
437
438
439
440
441
442
443
444
445
446
450
491
500
510
520
530
540
550
560
570
590
600
620
630
650
670
680
690
710
730
740
750
760
770
775
780
781
782
783
784
785
786
788
789
790
791
792
800
811
812
820
830
840
850
860
870
880
890
900
920
930
940
942
943
944
945
946
947
950
